0 10
0 9
1 2
1 3
2 10
2 9
2 11
2 14
3 9
3 10
3 11
3 14
4 11
4 12
5 12
5 13
6 13
7 67
7 14
8 67
8 14
13 16
13 33
15 67
15 30
16 29
17 22
18 22
18 23
18 24
18 25
19 25
20 25
21 30
21 31
22 28
25 36
26 31
27 31
27 32
28 32
28 33
29 35
31 39
34 35
35 40
35 41
36 42
37 42
37 43
38 43
40 44
41 18
43 46
43 45
43 48
45 48
46 47
47 49
49 50
50 51
51 52
52 57
53 58
54 57
54 58
54 59
54 60
55 59
56 60
58 61
59 63
60 62
61 64
62 65
63 66