4 5
3 9
2 5
0 5
1 5
5 96
6 96
7 96
98 8
9 98
10 100
11 100
63 104
106 12
13 106
14 116
15 116
16 118
17 118
18 120
18 124
128 19
20 128
130 21
22 130
23 136
89 136
24 136
140 25
26 140
86 140
27 140
28 142
81 142
29 142
30 142
144 31
32 144
33 144
34 154
35 154
36 154
37 154
38 156
39 156
40 156
41 156
42 158
166 43
44 166
45 170
46 170
47 170
48 172
49 100
49 172
166 49
49 112
172 51
51 166
51 100
61 110
98 69
69 132
69 96
50 116
50 96
51 174
69 174
52 132
52 174
73 116
73 98
73 120
60 136
144 60
85 154
85 128
77 124
77 154
77 144
128 77
140 87
67 114
67 104
53 158
53 114
106 53
54 108
158 54
54 106
91 134
91 108
71 170
71 134
71 108
55 118
55 170
56 126
56 122
79 156
79 126
130 79
75 122
75 118
57 130
57 142
57 156
65 110
65 112
138 77
138 58
59 138
60 138
61 146
62 146
63 146
64 146
65 168
66 168
67 168
68 168
69 162
70 162
71 162
72 162
73 164
74 164
75 164
76 164
77 102
78 102
79 102
80 102
81 148
82 148
83 148
84 148
85 150
86 150
87 152
88 152
89 152
90 152
91 160
92 160
93 160
94 160
96 95
98 97
100 99
102 101
104 103
106 105
108 107
110 109
112 111
114 113
116 115
118 117
120 119
122 121
124 123
126 125
128 127
130 129
132 131
134 133
136 135
138 137
140 139
142 141
144 143
146 145
148 147
150 149
152 151
154 153
156 155
158 157
160 159
162 161
164 163
166 165
168 167
170 169
172 171
174 173
